PSM1_task_space_to_RCM_tr: [-0.058605875819921494, 0.030694810673594475, -0.15846331417560577,
                                 0.6413271101970369, 0.09403254079962302, 0.6955475173678014, 0.3099533679707319]

PSM2_task_space_to_RCM_tr: [-0.0, 0.0, -0.0, 0.0, 0.0, 0.0, 1.0]